mag=[0.003217926777589694 118.82789699765625
0.0046396970789280125 168.8148175720583
0.006538660773272227 242.52536424337427
0.009588652819630302 348.4081174199738
0.013513155491334078 500.5354790408701
0.019259463520441 727.147691534084
0.028258082140546113 987.9290959748434
0.040150280847882434 1091.9400239203908
0.05686826959056979 923.3786620811857
0.08342829743949398 698.3798340922507
0.12225717513475941 593.857502634994
0.16742259115022468 482.96651114651746
0.25107540933961653 394.9473002561364
0.33202732355862646 351.197917516396
0.5180416042378895 292.02964945894973
0.7588253789643367 259.65689922668327
1.0559014589459224 236.09342833203192];
