pha=[0.0010848198929611127 47.24950386353082
0.0015413026904265554 56.17320440822533
0.002190987553723926 63.07520162141623
0.003147057044414156 68.82109530042649
0.004434458151239775 70.52527129164382
0.006507997981032795 71.07081028585907
0.009463422290567463 68.151416627961
0.013633624379977718 62.055905079592975
0.01908313058183298 50.18663176117893
0.028157878069321685 29.359878393784584
0.03914793919728378 4.205970527382519
0.056613337746428745 -16.907908626440886
0.08331611369010622 -27.337330574673786
0.12362375464547166 -30.258413207786163
0.16251950909743204 -33.74699151289954
0.2560038056949017 -33.49617869357766
0.36117753357935994 -36.70185365029769
0.514431727323283 -37.59785500147785
0.7396662558037188 -35.89536798547479];

